*Heading
** Job name: IEM_3_1_1 Model name: Model-1
** Generated by: Abaqus/CAE Learning Edition 2022
*Preprint, echo=NO, model=NO, history=NO, contact=NO
**
** PARTS
**
*Part, name=VIGA
*Node
      1,          68.,   29.8571434
      2,         65.5,   25.4971447
      3,   61.7079773,   29.4077129
      4,   53.9303703,    28.852169
      5,    57.747036,         32.5
      6,   53.4910164,   35.0031319
      7,   48.1291466,   28.4377956
      8,   47.4882355,   37.4105339
      9,          42.,          28.
     10,          46.,   16.4581184
     11,          70.,   18.8041077
     12,          35.,         27.5
     13,          28.,          27.
     14,   27.2186337,   37.9391403
     15,   34.1785698,          39.
     16,   41.2316933,   38.7563057
     17,          46.,   4.62457466
     18,          46.,   1.71428573
     19,          70.,          30.
     20,          22.,   16.3644466
     21,          22.,   6.15746403
     22,          22.,   3.42857146
     23,   21.3301811,   35.9488869
     24,          22.,   26.5714283
     25,          16.,   26.1428566
     26,         11.5,   29.7688408
     27,   12.1502266,   25.8678741
     28,   15.5233536,   32.8159027
     29,   7.31932068,   25.5228081
     30,          1.5,   25.1071434
     31,   3.45660353,          20.
     32,           0.,   11.9616394
     33,           0.,          25.
     34,   67.8333359,   29.5664768
     35,   67.6666641,   29.2758102
     36,         67.5,   28.9851437
     37,   67.3333359,   28.6944771
     38,   67.1666641,   28.4038105
     39,          67.,   28.1131439
     40,   66.8333359,   27.8224773
     41,   66.6666641,   27.5318108
     42,         66.5,   27.2411442
     43,   66.3333359,   26.9504776
     44,   66.1666641,    26.659811
     45,          66.,   26.3691444
     46,   65.8333359,   26.0784779
     47,   65.6666641,   25.7878113
     48,   61.9778862,   29.1643009
     49,   62.2454567,   28.9183178
     50,   62.5106621,   28.6697865
     51,   62.7734756,   28.4187298
     52,   63.0338745,   28.1651707
     53,   63.2918396,    27.909132
     54,   63.5473404,   27.6506367
     55,   63.8003578,   27.3897095
     56,   64.0508728,   27.1263752
     57,    64.298851,   26.8606548
     58,   64.5442734,   26.5925732
     59,   64.7871246,   26.3221588
     60,   65.0273743,   26.0494308
     61,    65.265007,   25.7744198
     62,   54.4488792,   28.8892059
     63,   54.9673843,   28.9262409
     64,   55.4858932,   28.9632778
     65,   56.0043983,   29.0003147
     66,   56.5229073,   29.0373497
     67,   57.0414124,   29.0743866
     68,   57.5599213,   29.1114235
     69,   58.0784264,   29.1484585
     70,   58.5969353,   29.1854954
     71,   59.1154404,   29.2225323
     72,   59.6339493,   29.2595673
     73,   60.1524544,   29.2966042
     74,   60.6709633,   29.3336411
     75,   61.1894684,    29.370676
     76,   54.1848145,   29.0953579
     77,   54.4392624,   29.3385468
     78,   54.6937065,   29.5817356
     79,   54.9481506,   29.8249245
     80,   55.2025948,   30.0681133
     81,   55.4570389,   30.3113022
     82,    55.711483,    30.554491
     83,   55.9659271,   30.7976799
     84,   56.2203712,   31.0408669
     85,   56.4748154,   31.2840557
     86,   56.7292595,   31.5272446
     87,   56.9837036,   31.7704334
     88,   57.2381477,   32.0136223
     89,   57.4925919,    32.256813
     90,   53.7845573,   34.8536682
     91,   54.0767899,   34.7016678
     92,   54.3676949,   34.5471344
     93,   54.6572456,   34.3900871
     94,   54.9454269,   34.2305374
     95,   55.2322159,   34.0684929
     96,   55.5175858,   33.9039688
     97,   55.8015175,   33.7369728
     98,   56.0839958,   33.5675278
     99,   56.3649902,   33.3956375
    100,   56.6444855,   33.2213135
    101,   56.9224586,   33.0445786
    102,   57.1988869,   32.8654366
    103,   57.4737549,   32.6839066
    104,   53.5203094,   34.5930672
    105,   53.5495987,   34.1830063
    106,   53.5788879,   33.7729416
    107,   53.6081772,   33.3628769
    108,   53.6374702,   32.9528122
    109,   53.6667595,   32.5427475
    110,   53.6960487,   32.1326828
    111,   53.7253418,     31.72262
    112,    53.754631,   31.3125553
    113,   53.7839203,   30.9024906
    114,   53.8132095,   30.4924259
    115,   53.8425026,   30.0823631
    116,   53.8717918,   29.6722984
    117,   53.9010811,   29.2622337
    118,   48.5158958,   28.4654217
    119,   48.9026451,   28.4930458
    120,   49.2893906,   28.5206699
    121,   49.6761398,    28.548296
    122,   50.0628891,   28.5759201
    123,   50.4496384,   28.6035461
    124,   50.8363838,   28.6311703
    125,   51.2231331,   28.6587944
    126,   51.6098824,   28.6864204
    127,   51.9966316,   28.7140446
    128,   52.3833771,   28.7416706
    129,   52.7701263,   28.7692947
    130,   53.1568756,   28.7969189
    131,   53.5436249,   28.8245449
    132,   47.5309639,   36.8123512
    133,   47.5736923,   36.2141685
    134,   47.6164207,   35.6159859
    135,   47.6591454,   35.0178032
    136,   47.7018738,   34.4196205
    137,   47.7446022,   33.8214378
    138,   47.7873268,   33.2232552
    139,   47.8300552,   32.6250725
    140,   47.8727837,   32.0268936
    141,   47.9155083,    31.428709
    142,   47.9582367,   30.8305264
    143,   48.0009651,   30.2323437
    144,   48.0436935,    29.634161
    145,   48.0864182,   29.0359783
    146,   42.3658829,   28.6273689
    147,   42.7317657,   29.2547379
    148,   43.0976486,   29.8821068
    149,   43.4635315,   30.5094757
    150,   43.8294106,   31.1368446
    151,   44.1952934,   31.7642136
    152,   44.5611763,   32.3915825
    153,   44.9270592,   33.0189514
    154,    45.292942,   33.6463203
    155,   45.6588249,   34.2736893
    156,   46.0247078,   34.9010582
    157,   46.3905907,   35.5284271
    158,   46.7564735,   36.1557961
    159,   47.1223526,    36.783165
    160,   42.2666664,   27.2305412
    161,   42.5333328,   26.4610825
    162,   42.7999992,   25.6916237
    163,   43.0666656,   24.9221649
    164,   43.3333321,   24.1527061
    165,   43.5999985,   23.3832474
    166,   43.8666649,   22.6137886
    167,   44.1333351,   21.8443298
    168,   44.4000015,   21.0748711
    169,   44.6666679,   20.3054123
    170,   44.9333344,   19.5359535
    171,   45.2000008,   18.7664948
    172,   45.4666672,    17.997036
    173,   45.7333336,   17.2275772
    174,   46.5286903,   17.2843876
    175,   47.0573845,   18.1106586
    176,   47.5860748,   18.9369278
    177,   48.1147652,   19.7631989
    178,   48.6434555,    20.589468
    179,   49.1721497,   21.4157391
    180,     49.70084,   22.2420082
    181,   50.2295303,   23.0682793
    182,   50.7582245,   23.8945484
    183,   51.2869148,   24.7208195
    184,   51.8156052,   25.5470886
    185,   52.3442993,   26.3733597
    186,   52.8729897,   27.1996288
    187,     53.40168,   28.0258999
    188,   62.1274452,   29.4376755
    189,   62.5469131,   29.4676361
    190,   62.9663811,   29.4975986
    191,    63.385849,   29.5275612
    192,   63.8053169,   29.5575218
    193,   64.2247849,   29.5874844
    194,   64.6442566,   29.6174469
    195,   65.0637207,   29.6474094
    196,   65.4831924,   29.6773701
    197,   65.9026566,   29.7073326
    198,   66.3221283,   29.7372952
    199,   66.7415924,   29.7672577
    200,   67.1610641,   29.7972183
    201,   67.5805283,   29.8271809
    202,   58.0235214,   32.3104019
    203,   58.2983246,   32.1183739
    204,   58.5714188,   31.9239273
    205,   58.8427887,   31.7270794
    206,   59.1124115,   31.5278435
    207,   59.3802681,   31.3262367
    208,   59.6463318,   31.1222744
    209,   59.9105873,   30.9159718
    210,   60.1730118,    30.707346
    211,   60.4335823,   30.4964123
    212,   60.6922836,    30.283186
    213,   60.9490929,    30.067688
    214,   61.2039948,   29.8499317
    215,   61.4569588,   29.6299343
    216,   65.8433838,   25.0820866
    217,   66.1808395,   24.6622009
    218,   66.5123138,   24.2375736
    219,    66.837738,   23.8082886
    220,   67.1570358,   23.3744335
    221,   67.4701538,   22.9360943
    222,   67.7770309,   22.4933605
    223,   68.0775909,     22.04632
    224,    68.371788,   21.5950623
    225,   68.6595535,    21.139679
    226,    68.940834,   20.6802616
    227,   69.2155762,   20.2169018
    228,   69.4837189,   19.7496929
    229,   69.7452087,   19.2787304
    230,   48.4866066,   28.8754845
    231,   48.8440628,   29.3131752
    232,   49.2015228,    29.750864
    233,    49.558979,   30.1885529
    234,   49.9164352,   30.6262417
    235,   50.2738953,   31.0639305
    236,   50.6313515,   31.5016193
    237,   50.9888115,   31.9393101
    238,   51.3462677,   32.3769989
    239,   51.7037277,   32.8146858
    240,   52.0611839,   33.2523766
    241,    52.418644,   33.6900673
    242,   52.7761002,   34.1277542
    243,   53.1335602,   34.5654449
    244,   46.1419449,   17.2567635
    245,    46.283886,   18.0554085
    246,   46.4258308,   18.8540535
    247,   46.5677719,   19.6526985
    248,   46.7097168,   20.4513435
    249,   46.8516579,   21.2499886
    250,   46.9936028,   22.0486355
    251,   47.1355438,   22.8472805
    252,   47.2774887,   23.6459255
    253,   47.4194298,   24.4445705
    254,   47.5613747,   25.2432156
    255,   47.7033157,   26.0418606
    256,   47.8452606,   26.8405056
    257,   47.9872055,   27.6391506
    258,   45.2666664,   17.1942444
    259,   44.5333328,   17.9303684
    260,   43.7999992,   18.6664944
    261,   43.0666656,   19.4026203
    262,   42.3333321,   20.1387463
    263,   41.5999985,   20.8748703
    264,   40.8666649,   21.6109962
    265,   40.1333351,   22.3471222
    266,   39.4000015,   23.0832481
    267,   38.6666679,   23.8193722
    268,   37.9333344,   24.5554981
    269,   37.2000008,   25.2916241
    270,   36.4666672,     26.02775
    271,   35.7333336,   26.7638741
    272,   28.4666672,   27.0333328
    273,   28.9333324,   27.0666676
    274,   29.3999996,   27.1000004
    275,   29.8666668,   27.1333332
    276,    30.333334,    27.166666
    277,   30.7999992,   27.2000008
    278,   31.2666664,   27.2333336
    279,   31.7333336,   27.2666664
    280,   32.2000008,   27.2999992
    281,   32.6666679,    27.333334
    282,   33.1333351,   27.3666668
    283,   33.5999985,   27.3999996
    284,   34.0666656,   27.4333324
    285,   34.5333328,   27.4666672
    286,   27.2707233,   37.2098656
    287,   27.3228149,    36.480587
    288,   27.3749065,   35.7513123
    289,   27.4269981,   35.0220375
    290,   27.4790878,   34.2927589
    291,   27.5311794,   33.5634842
    292,    27.583271,   32.8342094
    293,   27.6353626,   32.1049309
    294,   27.6874523,   31.3756561
    295,   27.7395439,   30.6463795
    296,   27.7916355,   29.9171047
    297,   27.8437271,   29.1878281
    298,   27.8958168,   28.4585514
    299,   27.9479084,   27.7292767
    300,   27.7373905,   37.2431984
    301,   28.2561493,   36.5472527
    302,   28.7749062,   35.8513107
    303,   29.2936649,   35.1553688
    304,   29.8124218,   34.4594269
    305,   30.3311806,    33.763485
    306,   30.8499374,    33.067543
    307,   31.3686962,   32.3715973
    308,   31.8874531,   31.6756554
    309,   32.4062119,   30.9797134
    310,   32.9249687,   30.2837715
    311,   33.4437256,   29.5878277
    312,   33.9624863,   28.8918858
    313,   34.4812431,   28.1959419
    314,   34.9452362,   28.2666664
    315,   34.8904762,   29.0333328
    316,   34.8357124,   29.7999992
    317,   34.7809525,   30.5666676
    318,   34.7261887,    31.333334
    319,   34.6714287,   32.0999985
    320,   34.6166649,   32.8666649
    321,   34.5619049,   33.6333351
    322,   34.5071411,   34.4000015
    323,   34.4523811,   35.1666679
    324,   34.3976173,   35.9333344
    325,   34.3428574,   36.7000008
    326,   34.2880936,   37.4666672
    327,   34.2333336,   38.2333336
    328,   27.6754246,   38.0498886
    329,   28.1335526,   38.1549797
    330,   28.5929451,   38.2543907
    331,   29.0535316,    38.348114
    332,   29.5152435,   38.4361343
    333,   29.9780083,   38.5184326
    334,   30.4417553,   38.5950012
    335,   30.9064159,   38.6658249
    336,   31.3719158,    38.730896
    337,   31.8381844,   38.7902069
    338,   32.3051529,   38.8437386
    339,    32.772747,   38.8914948
    340,   33.2408943,   38.9334602
    341,   33.7095261,   38.9696312
    342,    41.655056,   38.6995888
    343,   42.0777588,   38.6381187
    344,   42.4997406,   38.5718994
    345,   42.9209518,   38.5009384
    346,   43.3413391,    38.425251
    347,    43.760849,   38.3448372
    348,   44.1794281,   38.2597122
    349,    44.597023,   38.1698914
    350,   45.0135803,   38.0753784
    351,   45.4290504,   37.9761848
    352,     45.84338,   37.8723297
    353,   46.2565155,   37.7638245
    354,   46.6684036,   37.6506805
    355,   47.0789948,   37.5329132
    356,   41.2829132,   38.0392189
    357,   41.3341331,   37.3221321
    358,   41.3853531,   36.6050453
    359,    41.436573,   35.8879585
    360,   41.4877968,   35.1708717
    361,   41.5390167,   34.4537849
    362,   41.5902367,   33.7366982
    363,   41.6414566,   33.0196075
    364,   41.6926765,   32.3025208
    365,   41.7438965,   31.5854359
    366,   41.7951164,   30.8683491
    367,   41.8463402,   30.1512604
    368,   41.8975601,   29.4341736
    369,   41.9487801,   28.7170868
    370,   35.4666672,   27.5333328
    371,   35.9333344,   27.5666676
    372,   36.4000015,   27.6000004
    373,   36.8666649,   27.6333332
    374,   37.3333321,    27.666666
    375,   37.7999992,   27.7000008
    376,   38.2666664,   27.7333336
    377,   38.7333336,   27.7666664
    378,   39.2000008,   27.7999992
    379,   39.6666679,    27.833334
    380,   40.1333351,   27.8666668
    381,   40.5999985,   27.8999996
    382,   41.0666656,   27.9333324
    383,   41.5333328,   27.9666672
    384,          46.,   5.41347742
    385,          46.,   6.20238066
    386,          46.,   6.99128342
    387,          46.,   7.78018618
    388,          46.,   8.56908894
    389,          46.,   9.35799217
    390,          46.,   10.1468954
    391,          46.,   10.9357977
    392,          46.,   11.7247009
    393,          46.,   12.5136032
    394,          46.,   13.3025064
    395,          46.,   14.0914097
    396,          46.,    14.880312
    397,          46.,   15.6692152
    398,          46.,   1.90830493
    399,          46.,   2.10232425
    400,          46.,   2.29634356
    401,          46.,   2.49036288
    402,          46.,   2.68438196
    403,          46.,   2.87840128
    404,          46.,    3.0724206
    405,          46.,   3.26643991
    406,          46.,   3.46045899
    407,          46.,   3.65447831
    408,          46.,   3.84849763
    409,          46.,   4.04251671
    410,          46.,   4.23653603
    411,          46.,   4.43055534
    412,   68.1333313,   29.8666668
    413,   68.2666702,   29.8761902
    414,   68.4000015,   29.8857136
    415,   68.5333328,   29.8952389
    416,   68.6666641,   29.9047623
    417,   68.8000031,   29.9142857
    418,   68.9333344,   29.9238091
    419,   69.0666656,   29.9333324
    420,   69.1999969,   29.9428577
    421,   69.3333359,   29.9523811
    422,   69.4666672,   29.9619045
    423,   69.5999985,   29.9714279
    424,   69.7333298,   29.9809532
    425,   69.8666687,   29.9904766
    426,   47.9004059,   37.2821922
    427,   48.3110886,   37.1491699
    428,   48.7202339,   37.0114937
    429,   49.1277885,    36.869175
    430,    49.533699,   36.7222366
    431,   49.9379158,   36.5706978
    432,   50.3403854,   36.4145737
    433,   50.7410507,   36.2538872
    434,   51.1398697,   36.0886574
    435,   51.5367813,   35.9189072
    436,   51.9317398,   35.7446594
    437,   52.3246956,   35.5659332
    438,   52.7155914,   35.3827553
    439,   53.1043816,   35.1951447
    440,   42.4086113,   28.0291862
    441,   42.8172188,   28.0583725
    442,   43.2258301,   28.0875587
    443,   43.6344376,    28.116745
    444,   44.0430489,   28.1459312
    445,   44.4516602,   28.1751194
    446,   44.8602676,   28.2043056
    447,   45.2688789,   28.2334919
    448,   45.6774864,   28.2626781
    449,   46.0860977,   28.2918644
    450,    46.494709,   28.3210506
    451,   46.9033165,   28.3502369
    452,   47.3119278,   28.3794231
    453,   47.7205353,   28.4086094
    454,   22.3999996,   17.0734825
    455,   22.7999992,   17.7825203
    456,   23.2000008,   18.4915562
    457,   23.6000004,   19.2005939
    458,          24.,   19.9096317
    459,   24.3999996,   20.6186676
    460,   24.7999992,   21.3277054
    461,   25.2000008,   22.0367413
    462,   25.6000004,    22.745779
    463,          26.,   23.4548149
    464,   26.3999996,   24.1638527
    465,   26.7999992,   24.8728886
    466,   27.2000008,   25.5819263
    467,   27.6000004,   26.2909622
    468,          22.,   6.83792973
    469,          22.,   7.51839495
    470,          22.,   8.19886017
    471,          22.,   8.87932587
    472,          22.,   9.55979156
    473,          22.,   10.2402573
    474,          22.,    10.920722
    475,          22.,   11.6011877
    476,          22.,   12.2816534
    477,          22.,   12.9621191
    478,          22.,   13.6425848
    479,          22.,   14.3230495
    480,          22.,   15.0035152
    481,          22.,   15.6839809
    482,          22.,   3.61049771
    483,          22.,   3.79242373
    484,          22.,   3.97434998
    485,          22.,   4.15627623
    486,          22.,   4.33820248
    487,          22.,   4.52012825
    488,          22.,    4.7020545
    489,          22.,   4.88398075
    490,          22.,     5.065907
    491,          22.,   5.24783325
    492,          22.,    5.4297595
    493,          22.,   5.61168528
    494,          22.,   5.79361153
    495,          22.,   5.97553778
    496,   21.7118912,   36.1113396
    497,   22.0953541,   36.2696152
    498,   22.4805202,   36.4236908
    499,   22.8673458,    36.573555
    500,    23.255785,   36.7191887
    501,    23.645792,    36.860569
    502,   24.0373192,   36.9976845
    503,   24.4303188,   37.1305161
    504,   24.8247471,   37.2590485
    505,   25.2205544,   37.3832664
    506,   25.6176949,   37.5031548
    507,   26.0161209,   37.6186981
    508,   26.4157829,   37.7298889
    509,    26.816637,   37.8367043
    510,    21.374836,   35.3237228
    511,   21.4194908,   34.6985588
    512,   21.4641457,   34.0733948
    513,   21.5088005,   33.4482307
    514,   21.5534534,   32.8230667
    515,   21.5981083,   32.1979027
    516,   21.6427631,   31.5727406
    517,    21.687418,   30.9475765
    518,   21.7320728,   30.3224125
    519,   21.7767277,   29.6972485
    520,   21.8213825,   29.0720844
    521,   21.8660355,   28.4469204
    522,   21.9106903,   27.8217564
    523,   21.9553452,   27.1965923
    524,   16.3999996,   26.1714287
    525,   16.7999992,   26.2000008
    526,   17.2000008,   26.2285709
    527,   17.6000004,    26.257143
    528,          18.,   26.2857151
    529,   18.3999996,   26.3142853
    530,   18.7999992,   26.3428574
    531,   19.2000008,   26.3714294
    532,   19.6000004,   26.3999996
    533,          20.,   26.4285717
    534,   20.3999996,   26.4571438
    535,   20.7999992,    26.485714
    536,   21.2000008,    26.514286
    537,   21.6000004,   26.5428562
    538,   15.6999998,   26.3845901
    539,   15.3999996,   26.6263218
    540,   15.1000004,   26.8680534
    541,   14.8000002,   27.1097851
    542,         14.5,   27.3515186
    543,   14.1999998,   27.5932503
    544,   13.8999996,   27.8349819
    545,   13.6000004,   28.0767155
    546,   13.3000002,   28.3184471
    547,          13.,   28.5601788
    548,   12.6999998,   28.8019104
    549,   12.3999996,    29.043644
    550,   12.1000004,   29.2853756
    551,   11.8000002,   29.5271072
    552,   12.1068783,   26.1279373
    553,     12.06353,   26.3880024
    554,   12.0201817,   26.6480675
    555,   11.9768333,   26.9081306
    556,    11.933485,   27.1681957
    557,   11.8901358,   27.4282608
    558,   11.8467875,    27.688324
    559,   11.8034391,   27.9483891
    560,   11.7600908,   28.2084541
    561,   11.7167425,   28.4685173
    562,   11.6733942,   28.7285824
    563,   11.6300449,   28.9886475
    564,   11.5866966,   29.2487106
    565,   11.5433483,   29.5087757
    566,   21.3433475,   16.9980087
    567,    20.686697,   17.6315708
    568,   20.0300446,    18.265131
    569,    19.373394,   18.8986931
    570,   18.7167416,   19.5322552
    571,    18.060091,   20.1658173
    572,   17.4034386,   20.7993793
    573,    16.746788,   21.4329414
    574,   16.0901356,   22.0665016
    575,    15.433485,   22.7000637
    576,   14.7768335,   23.3336258
    577,    14.120182,   23.9671879
    578,   13.4635305,     24.60075
    579,    12.806879,   25.2343121
    580,   22.8666668,   17.1068172
    581,   23.7333336,   17.8491859
    582,   24.6000004,   18.5915565
    583,   25.4666672,   19.3339272
    584,    26.333334,   20.0762978
    585,   27.2000008,   20.8186684
    586,   28.0666676,    21.561039
    587,   28.9333324,   22.3034077
    588,   29.7999992,   23.0457783
    589,    30.666666,   23.7881489
    590,   31.5333328,   24.5305195
    591,   32.4000015,   25.2728901
    592,   33.2666664,   26.0152588
    593,   34.1333351,   26.7576294
    594,   35.4154472,   28.2504196
    595,   35.8308907,   29.0008411
    596,   36.2463379,   29.7512608
    597,   36.6617851,   30.5016823
    598,   37.0772324,   31.2521019
    599,   37.4926758,   32.0025215
    600,    37.908123,   32.7529411
    601,   38.3235703,   33.5033646
    602,   38.7390137,   34.2537842
    603,   39.1544609,   35.0042038
    604,   39.5699081,   35.7546234
    605,   39.9853554,    36.505043
    606,   40.4007988,   37.2554665
    607,    40.816246,   38.0058861
    608,   34.6490936,   39.0246162
    609,   35.1198845,   39.0433998
    610,   35.5908699,   39.0563393
    611,   36.0619812,   39.0634384
    612,   36.5331421,   39.0646973
    613,   37.0042877,   39.0601082
    614,   37.4753342,   39.0496788
    615,   37.9462204,   39.0334091
    616,   38.4168663,   39.0113029
    617,   38.8871994,   38.9833603
    618,   39.3571548,    38.949585
    619,   39.8266525,   38.9099884
    620,     40.29562,   38.8645706
    621,   40.7639923,   38.8133392
    622,   22.3999996,   26.6000004
    623,   22.7999992,   26.6285706
    624,   23.2000008,   26.6571426
    625,   23.6000004,   26.6857147
    626,          24.,   26.7142849
    627,   24.3999996,    26.742857
    628,   24.7999992,   26.7714291
    629,   25.2000008,   26.7999992
    630,   25.6000004,   26.8285713
    631,          26.,   26.8571434
    632,   26.3999996,   26.8857136
    633,   26.7999992,   26.9142857
    634,   27.2000008,   26.9428577
    635,   27.6000004,   26.9714279
    636,          22.,   17.0449123
    637,          22.,    17.725378
    638,          22.,   18.4058418
    639,          22.,   19.0863075
    640,          22.,   19.7667732
    641,          22.,   20.4472389
    642,          22.,   21.1277046
    643,          22.,   21.8081703
    644,          22.,    22.488636
    645,          22.,   23.1691017
    646,          22.,   23.8495674
    647,          22.,   24.5300312
    648,          22.,   25.2104969
    649,          22.,   25.8909626
    650,   16.3999996,    25.490963
    651,   16.7999992,   24.8390694
    652,   17.2000008,   24.1871758
    653,   17.6000004,   23.5352802
    654,          18.,   22.8833866
    655,   18.3999996,    22.231493
    656,   18.7999992,   21.5795994
    657,   19.2000008,   20.9277039
    658,   19.6000004,   20.2758102
    659,          20.,   19.6239166
    660,   20.3999996,    18.972023
    661,   20.7999992,   18.3201294
    662,   21.2000008,   17.6682339
    663,   21.6000004,   17.0163403
    664,   27.5553455,   27.5965919
    665,   27.1106911,   28.1931858
    666,   26.6660366,   28.7897778
    667,   26.2213821,   29.3863697
    668,   25.7767277,   29.9829617
    669,   25.3320732,   30.5795555
    670,   24.8874187,   31.1761475
    671,   24.4427643,   31.7727394
    672,   23.9981098,   32.3693314
    673,   23.5534534,   32.9659233
    674,    23.108799,   33.5625153
    675,   22.6641445,    34.159111
    676,   22.2194901,    34.755703
    677,   21.7748356,   35.3522949
    678,    21.568224,   26.9877262
    679,   21.1364479,   27.4040241
    680,     20.70467,   27.8203239
    681,   20.2728939,   28.2366219
    682,   19.8411179,   28.6529198
    683,   19.4093418,   29.0692177
    684,   18.9775658,   29.4855156
    685,   18.5457897,   29.9018135
    686,   18.1140118,   30.3181133
    687,   17.6822357,   30.7344112
    688,   17.2504597,   31.1507092
    689,   16.8186836,   31.5670071
    690,   16.3869076,    31.983305
    691,   15.9551306,   32.3996048
    692,     15.55513,   32.3710327
    693,   15.5869064,   31.9261627
    694,   15.6186829,   31.4812927
    695,   15.6504593,   31.0364227
    696,   15.6822357,   30.5915527
    697,   15.7140121,   30.1466846
    698,   15.7457886,   29.7018147
    699,    15.777565,   29.2569447
    700,   15.8093414,   28.8120747
    701,   15.8411179,   28.3672047
    702,   15.8728943,   27.9223366
    703,   15.9046707,   27.4774666
    704,   15.9364471,   27.0325966
    705,   15.9682236,   26.5877266
    706,   7.57682705,   25.8258305
    707,   7.83749104,   26.1261387
    708,   8.10128403,   26.4237041
    709,   8.36817646,   26.7184906
    710,   8.63814068,   27.0104694
    711,   8.91114521,   27.2996044
    712,   9.18716145,   27.5858688
    713,   9.46615887,   27.8692265
    714,     9.748106,   28.1496487
    715,   10.0329733,   28.4271049
    716,   10.3207293,   28.7015648
    717,   10.6113415,   28.9729977
    718,   10.9047785,    29.241375
    719,   11.2010088,   29.5066643
    720,   1.88795471,   25.1348534
    721,   2.27590942,   25.1625652
    722,   2.66386414,   25.1902752
    723,   3.05181885,   25.2179871
    724,   3.43977356,   25.2456989
    725,   3.82772827,   25.2734089
    726,   4.21568298,   25.3011208
    727,    4.6036377,   25.3288307
    728,   4.99159241,   25.3565426
    729,   5.37954712,   25.3842525
    730,   5.76750183,   25.4119644
    731,   6.15545654,   25.4396763
    732,   6.54341125,   25.4673862
    733,   6.93136597,   25.4950981
    734,   1.63044024,   24.7666664
    735,   1.76088047,   24.4261913
    736,   1.89132071,   24.0857143
    737,   2.02176094,   23.7452374
    738,   2.15220118,   23.4047623
    739,   2.28264141,   23.0642853
    740,   2.41308165,   22.7238102
    741,   2.54352188,   22.3833332
    742,   2.67396212,   22.0428562
    743,   2.80440235,   21.7023811
    744,   2.93484259,   21.3619041
    745,   3.06528282,   21.0214291
    746,   3.19572306,   20.6809521
    747,   3.32616329,    20.340477
    748,  0.171871975,   12.5204325
    749,  0.352321953,   13.0765142
    750,  0.541307151,   13.6297541
    751,  0.738782942,   14.1800203
    752,  0.944702446,   14.7271833
    753,   1.15901697,   15.2711124
    754,   1.38167572,   15.8116789
    755,   1.61262608,   16.3487568
    756,    1.8518132,   16.8822155
    757,   2.09918046,    17.411932
    758,   2.35466957,   17.9377785
    759,   2.61821961,   18.4596329
    760,    2.8897686,   18.9773674
    761,   3.16925192,   19.4908657
    762,   7.64138126,   25.5458126
    763,   7.96344137,   25.5688171
    764,   8.28550148,   25.5918217
    765,   8.60756207,   25.6148262
    766,   8.92962265,   25.6378307
    767,   9.25168324,   25.6608353
    768,   9.57374382,   25.6838379
    769,   9.89580441,   25.7068424
    770,    10.217864,    25.729847
    771,   10.5399246,   25.7528515
    772,   10.8619852,    25.775856
    773,   11.1840458,   25.7988605
    774,   11.5061064,   25.8218651
    775,    11.828167,   25.8448696
    776,   3.68304539,    20.388752
    777,    3.9140749,   20.7747974
    778,   4.14965963,   21.1580791
    779,   4.38976622,   21.5385437
    780,   4.63436127,   21.9161396
    781,   4.88340998,   22.2908115
    782,   5.13687849,    22.662508
    783,   5.39473009,   23.0311775
    784,   5.65692949,   23.3967686
    785,    5.9234395,   23.7592278
    786,   6.19422245,   24.1185074
    787,   6.46924114,   24.4745541
    788,   6.74845648,   24.8273201
    789,   7.03182983,    25.176754
    790,   15.8927345,   33.0557594
    791,   16.2648716,   33.2913208
    792,   16.6397133,   33.5225525
    793,   17.0172119,   33.7494202
    794,   17.3973141,   33.9718971
    795,   17.7799683,   34.1899567
    796,   18.1651268,   34.4035645
    797,   18.5527344,     34.61269
    798,   18.9427395,   34.8173103
    799,   19.3350925,   35.0173988
    800,   19.7297363,   35.2129211
    801,   20.1266212,   35.4038582
    802,   20.5256939,   35.5901833
    803,    20.926897,   35.7718658
    804,   11.7553005,   29.9883766
    805,    12.012537,   30.2056427
    806,   12.2716885,     30.42062
    807,   12.5327349,   30.6332912
    808,   12.7956562,   30.8436432
    809,   13.0604315,   31.0516548
    810,   13.3270397,   31.2573109
    811,   13.5954599,    31.460598
    812,   13.8656712,   31.6614971
    813,   14.1376524,   31.8599949
    814,   14.4113827,   32.0560722
    815,   14.6868391,   32.2497177
    816,   14.9640007,   32.4409142
    817,   15.2428465,   32.6296463
    818,   12.4068785,   25.8862057
    819,   12.6635303,   25.9045372
    820,   12.9201813,   25.9228706
    821,   13.1768332,   25.9412022
    822,    13.433485,   25.9595337
    823,    13.690136,   25.9778671
    824,   13.9467878,   25.9961987
    825,   14.2034397,   26.0145321
    826,   14.4600906,   26.0328636
    827,   14.7167425,   26.0511951
    828,   14.9733934,   26.0695286
    829,   15.2300453,   26.0878601
    830,   15.4866972,   26.1061935
    831,   15.7433481,   26.1245251
    832,  0.100000001,    25.007143
    833,  0.200000003,    25.014286
    834,  0.300000012,   25.0214291
    835,  0.400000006,   25.0285721
    836,          0.5,   25.0357151
    837,  0.600000024,   25.0428562
    838,  0.699999988,   25.0499992
    839,  0.800000012,   25.0571423
    840,  0.899999976,   25.0642853
    841,           1.,   25.0714283
    842,   1.10000002,   25.0785713
    843,   1.20000005,   25.0857143
    844,   1.29999995,   25.0928574
    845,   1.39999998,   25.1000004
*Element, type=B21
 1,  1, 34
 2, 34, 35
 3, 35, 36
 4, 36, 37
 5, 37, 38
 6, 38, 39
 7, 39, 40
 8, 40, 41
 9, 41, 42
10, 42, 43
11, 43, 44
12, 44, 45
13, 45, 46
14, 46, 47
15, 47,  2
16,  3, 48
17, 48, 49
18, 49, 50
19, 50, 51
20, 51, 52
21, 52, 53
22, 53, 54
23, 54, 55
24, 55, 56
25, 56, 57
26, 57, 58
27, 58, 59
28, 59, 60
29, 60, 61
30, 61,  2
31,  4, 62
32, 62, 63
33, 63, 64
34, 64, 65
35, 65, 66
36, 66, 67
37, 67, 68
38, 68, 69
39, 69, 70
40, 70, 71
41, 71, 72
42, 72, 73
43, 73, 74
44, 74, 75
45, 75,  3
46,  4, 76
47, 76, 77
48, 77, 78
49, 78, 79
50, 79, 80
51, 80, 81
52, 81, 82
53, 82, 83
54, 83, 84
55, 84, 85
56, 85, 86
57, 86, 87
58, 87, 88
59, 88, 89
60, 89,  5
61,   6,  90
62,  90,  91
63,  91,  92
64,  92,  93
65,  93,  94
66,  94,  95
67,  95,  96
68,  96,  97
69,  97,  98
70,  98,  99
71,  99, 100
72, 100, 101
73, 101, 102
74, 102, 103
75, 103,   5
76,   6, 104
77, 104, 105
78, 105, 106
79, 106, 107
80, 107, 108
81, 108, 109
82, 109, 110
83, 110, 111
84, 111, 112
85, 112, 113
86, 113, 114
87, 114, 115
88, 115, 116
89, 116, 117
90, 117,   4
 91,   7, 118
 92, 118, 119
 93, 119, 120
 94, 120, 121
 95, 121, 122
 96, 122, 123
 97, 123, 124
 98, 124, 125
 99, 125, 126
100, 126, 127
101, 127, 128
102, 128, 129
103, 129, 130
104, 130, 131
105, 131,   4
106,   8, 132
107, 132, 133
108, 133, 134
109, 134, 135
110, 135, 136
111, 136, 137
112, 137, 138
113, 138, 139
114, 139, 140
115, 140, 141
116, 141, 142
117, 142, 143
118, 143, 144
119, 144, 145
120, 145,   7
121,   9, 146
122, 146, 147
123, 147, 148
124, 148, 149
125, 149, 150
126, 150, 151
127, 151, 152
128, 152, 153
129, 153, 154
130, 154, 155
131, 155, 156
132, 156, 157
133, 157, 158
134, 158, 159
135, 159,   8
136,   9, 160
137, 160, 161
138, 161, 162
139, 162, 163
140, 163, 164
141, 164, 165
142, 165, 166
143, 166, 167
144, 167, 168
145, 168, 169
146, 169, 170
147, 170, 171
148, 171, 172
149, 172, 173
150, 173,  10
151,  10, 174
152, 174, 175
153, 175, 176
154, 176, 177
155, 177, 178
156, 178, 179
157, 179, 180
158, 180, 181
159, 181, 182
160, 182, 183
161, 183, 184
162, 184, 185
163, 185, 186
164, 186, 187
165, 187,   4
166,   3, 188
167, 188, 189
168, 189, 190
169, 190, 191
170, 191, 192
171, 192, 193
172, 193, 194
173, 194, 195
174, 195, 196
175, 196, 197
176, 197, 198
177, 198, 199
178, 199, 200
179, 200, 201
180, 201,   1
181,   5, 202
182, 202, 203
183, 203, 204
184, 204, 205
185, 205, 206
186, 206, 207
187, 207, 208
188, 208, 209
189, 209, 210
190, 210, 211
191, 211, 212
192, 212, 213
193, 213, 214
194, 214, 215
195, 215,   3
196,   2, 216
197, 216, 217
198, 217, 218
199, 218, 219
200, 219, 220
201, 220, 221
202, 221, 222
203, 222, 223
204, 223, 224
205, 224, 225
206, 225, 226
207, 226, 227
208, 227, 228
209, 228, 229
210, 229,  11
211,   7, 230
212, 230, 231
213, 231, 232
214, 232, 233
215, 233, 234
216, 234, 235
217, 235, 236
218, 236, 237
219, 237, 238
220, 238, 239
221, 239, 240
222, 240, 241
223, 241, 242
224, 242, 243
225, 243,   6
226,  10, 244
227, 244, 245
228, 245, 246
229, 246, 247
230, 247, 248
231, 248, 249
232, 249, 250
233, 250, 251
234, 251, 252
235, 252, 253
236, 253, 254
237, 254, 255
238, 255, 256
239, 256, 257
240, 257,   7
241,  10, 258
242, 258, 259
243, 259, 260
244, 260, 261
245, 261, 262
246, 262, 263
247, 263, 264
248, 264, 265
249, 265, 266
250, 266, 267
251, 267, 268
252, 268, 269
253, 269, 270
254, 270, 271
255, 271,  12
256,  13, 272
257, 272, 273
258, 273, 274
259, 274, 275
260, 275, 276
261, 276, 277
262, 277, 278
263, 278, 279
264, 279, 280
265, 280, 281
266, 281, 282
267, 282, 283
268, 283, 284
269, 284, 285
270, 285,  12
271,  14, 286
272, 286, 287
273, 287, 288
274, 288, 289
275, 289, 290
276, 290, 291
277, 291, 292
278, 292, 293
279, 293, 294
280, 294, 295
281, 295, 296
282, 296, 297
283, 297, 298
284, 298, 299
285, 299,  13
286,  14, 300
287, 300, 301
288, 301, 302
289, 302, 303
290, 303, 304
291, 304, 305
292, 305, 306
293, 306, 307
294, 307, 308
295, 308, 309
296, 309, 310
297, 310, 311
298, 311, 312
299, 312, 313
300, 313,  12
301,  12, 314
302, 314, 315
303, 315, 316
304, 316, 317
305, 317, 318
306, 318, 319
307, 319, 320
308, 320, 321
309, 321, 322
310, 322, 323
311, 323, 324
312, 324, 325
313, 325, 326
314, 326, 327
315, 327,  15
316,  14, 328
317, 328, 329
318, 329, 330
319, 330, 331
320, 331, 332
321, 332, 333
322, 333, 334
323, 334, 335
324, 335, 336
325, 336, 337
326, 337, 338
327, 338, 339
328, 339, 340
329, 340, 341
330, 341,  15
331,  16, 342
332, 342, 343
333, 343, 344
334, 344, 345
335, 345, 346
336, 346, 347
337, 347, 348
338, 348, 349
339, 349, 350
340, 350, 351
341, 351, 352
342, 352, 353
343, 353, 354
344, 354, 355
345, 355,   8
346,  16, 356
347, 356, 357
348, 357, 358
349, 358, 359
350, 359, 360
351, 360, 361
352, 361, 362
353, 362, 363
354, 363, 364
355, 364, 365
356, 365, 366
357, 366, 367
358, 367, 368
359, 368, 369
360, 369,   9
361,  12, 370
362, 370, 371
363, 371, 372
364, 372, 373
365, 373, 374
366, 374, 375
367, 375, 376
368, 376, 377
369, 377, 378
370, 378, 379
371, 379, 380
372, 380, 381
373, 381, 382
374, 382, 383
375, 383,   9
376,  17, 384
377, 384, 385
378, 385, 386
379, 386, 387
380, 387, 388
381, 388, 389
382, 389, 390
383, 390, 391
384, 391, 392
385, 392, 393
386, 393, 394
387, 394, 395
388, 395, 396
389, 396, 397
390, 397,  10
391,  18, 398
392, 398, 399
393, 399, 400
394, 400, 401
395, 401, 402
396, 402, 403
397, 403, 404
398, 404, 405
399, 405, 406
400, 406, 407
401, 407, 408
402, 408, 409
403, 409, 410
404, 410, 411
405, 411,  17
406,   1, 412
407, 412, 413
408, 413, 414
409, 414, 415
410, 415, 416
411, 416, 417
412, 417, 418
413, 418, 419
414, 419, 420
415, 420, 421
416, 421, 422
417, 422, 423
418, 423, 424
419, 424, 425
420, 425,  19
421,   8, 426
422, 426, 427
423, 427, 428
424, 428, 429
425, 429, 430
426, 430, 431
427, 431, 432
428, 432, 433
429, 433, 434
430, 434, 435
431, 435, 436
432, 436, 437
433, 437, 438
434, 438, 439
435, 439,   6
436,   9, 440
437, 440, 441
438, 441, 442
439, 442, 443
440, 443, 444
441, 444, 445
442, 445, 446
443, 446, 447
444, 447, 448
445, 448, 449
446, 449, 450
447, 450, 451
448, 451, 452
449, 452, 453
450, 453,   7
451,  20, 454
452, 454, 455
453, 455, 456
454, 456, 457
455, 457, 458
456, 458, 459
457, 459, 460
458, 460, 461
459, 461, 462
460, 462, 463
461, 463, 464
462, 464, 465
463, 465, 466
464, 466, 467
465, 467,  13
466,  21, 468
467, 468, 469
468, 469, 470
469, 470, 471
470, 471, 472
471, 472, 473
472, 473, 474
473, 474, 475
474, 475, 476
475, 476, 477
476, 477, 478
477, 478, 479
478, 479, 480
479, 480, 481
480, 481,  20
481,  22, 482
482, 482, 483
483, 483, 484
484, 484, 485
485, 485, 486
486, 486, 487
487, 487, 488
488, 488, 489
489, 489, 490
490, 490, 491
491, 491, 492
492, 492, 493
493, 493, 494
494, 494, 495
495, 495,  21
496,  23, 496
497, 496, 497
498, 497, 498
499, 498, 499
500, 499, 500
501, 500, 501
502, 501, 502
503, 502, 503
504, 503, 504
505, 504, 505
506, 505, 506
507, 506, 507
508, 507, 508
509, 508, 509
510, 509,  14
511,  23, 510
512, 510, 511
513, 511, 512
514, 512, 513
515, 513, 514
516, 514, 515
517, 515, 516
518, 516, 517
519, 517, 518
520, 518, 519
521, 519, 520
522, 520, 521
523, 521, 522
524, 522, 523
525, 523,  24
526,  25, 524
527, 524, 525
528, 525, 526
529, 526, 527
530, 527, 528
531, 528, 529
532, 529, 530
533, 530, 531
534, 531, 532
535, 532, 533
536, 533, 534
537, 534, 535
538, 535, 536
539, 536, 537
540, 537,  24
541,  25, 538
542, 538, 539
543, 539, 540
544, 540, 541
545, 541, 542
546, 542, 543
547, 543, 544
548, 544, 545
549, 545, 546
550, 546, 547
551, 547, 548
552, 548, 549
553, 549, 550
554, 550, 551
555, 551,  26
556,  27, 552
557, 552, 553
558, 553, 554
559, 554, 555
560, 555, 556
561, 556, 557
562, 557, 558
563, 558, 559
564, 559, 560
565, 560, 561
566, 561, 562
567, 562, 563
568, 563, 564
569, 564, 565
570, 565,  26
571,  20, 566
572, 566, 567
573, 567, 568
574, 568, 569
575, 569, 570
576, 570, 571
577, 571, 572
578, 572, 573
579, 573, 574
580, 574, 575
581, 575, 576
582, 576, 577
583, 577, 578
584, 578, 579
585, 579,  27
586,  20, 580
587, 580, 581
588, 581, 582
589, 582, 583
590, 583, 584
591, 584, 585
592, 585, 586
593, 586, 587
594, 587, 588
595, 588, 589
596, 589, 590
597, 590, 591
598, 591, 592
599, 592, 593
600, 593,  12
601,  12, 594
602, 594, 595
603, 595, 596
604, 596, 597
605, 597, 598
606, 598, 599
607, 599, 600
608, 600, 601
609, 601, 602
610, 602, 603
611, 603, 604
612, 604, 605
613, 605, 606
614, 606, 607
615, 607,  16
616,  15, 608
617, 608, 609
618, 609, 610
619, 610, 611
620, 611, 612
621, 612, 613
622, 613, 614
623, 614, 615
624, 615, 616
625, 616, 617
626, 617, 618
627, 618, 619
628, 619, 620
629, 620, 621
630, 621,  16
631,  24, 622
632, 622, 623
633, 623, 624
634, 624, 625
635, 625, 626
636, 626, 627
637, 627, 628
638, 628, 629
639, 629, 630
640, 630, 631
641, 631, 632
642, 632, 633
643, 633, 634
644, 634, 635
645, 635,  13
646,  20, 636
647, 636, 637
648, 637, 638
649, 638, 639
650, 639, 640
651, 640, 641
652, 641, 642
653, 642, 643
654, 643, 644
655, 644, 645
656, 645, 646
657, 646, 647
658, 647, 648
659, 648, 649
660, 649,  24
661,  25, 650
662, 650, 651
663, 651, 652
664, 652, 653
665, 653, 654
666, 654, 655
667, 655, 656
668, 656, 657
669, 657, 658
670, 658, 659
671, 659, 660
672, 660, 661
673, 661, 662
674, 662, 663
675, 663,  20
676,  13, 664
677, 664, 665
678, 665, 666
679, 666, 667
680, 667, 668
681, 668, 669
682, 669, 670
683, 670, 671
684, 671, 672
685, 672, 673
686, 673, 674
687, 674, 675
688, 675, 676
689, 676, 677
690, 677,  23
691,  24, 678
692, 678, 679
693, 679, 680
694, 680, 681
695, 681, 682
696, 682, 683
697, 683, 684
698, 684, 685
699, 685, 686
700, 686, 687
701, 687, 688
702, 688, 689
703, 689, 690
704, 690, 691
705, 691,  28
706,  28, 692
707, 692, 693
708, 693, 694
709, 694, 695
710, 695, 696
711, 696, 697
712, 697, 698
713, 698, 699
714, 699, 700
715, 700, 701
716, 701, 702
717, 702, 703
718, 703, 704
719, 704, 705
720, 705,  25
721,  29, 706
722, 706, 707
723, 707, 708
724, 708, 709
725, 709, 710
726, 710, 711
727, 711, 712
728, 712, 713
729, 713, 714
730, 714, 715
731, 715, 716
732, 716, 717
733, 717, 718
734, 718, 719
735, 719,  26
736,  30, 720
737, 720, 721
738, 721, 722
739, 722, 723
740, 723, 724
741, 724, 725
742, 725, 726
743, 726, 727
744, 727, 728
745, 728, 729
746, 729, 730
747, 730, 731
748, 731, 732
749, 732, 733
750, 733,  29
751,  30, 734
752, 734, 735
753, 735, 736
754, 736, 737
755, 737, 738
756, 738, 739
757, 739, 740
758, 740, 741
759, 741, 742
760, 742, 743
761, 743, 744
762, 744, 745
763, 745, 746
764, 746, 747
765, 747,  31
766,  32, 748
767, 748, 749
768, 749, 750
769, 750, 751
770, 751, 752
771, 752, 753
772, 753, 754
773, 754, 755
774, 755, 756
775, 756, 757
776, 757, 758
777, 758, 759
778, 759, 760
779, 760, 761
780, 761,  31
781,  29, 762
782, 762, 763
783, 763, 764
784, 764, 765
785, 765, 766
786, 766, 767
787, 767, 768
788, 768, 769
789, 769, 770
790, 770, 771
791, 771, 772
792, 772, 773
793, 773, 774
794, 774, 775
795, 775,  27
796,  31, 776
797, 776, 777
798, 777, 778
799, 778, 779
800, 779, 780
801, 780, 781
802, 781, 782
803, 782, 783
804, 783, 784
805, 784, 785
806, 785, 786
807, 786, 787
808, 787, 788
809, 788, 789
810, 789,  29
811,  28, 790
812, 790, 791
813, 791, 792
814, 792, 793
815, 793, 794
816, 794, 795
817, 795, 796
818, 796, 797
819, 797, 798
820, 798, 799
821, 799, 800
822, 800, 801
823, 801, 802
824, 802, 803
825, 803,  23
826,  26, 804
827, 804, 805
828, 805, 806
829, 806, 807
830, 807, 808
831, 808, 809
832, 809, 810
833, 810, 811
834, 811, 812
835, 812, 813
836, 813, 814
837, 814, 815
838, 815, 816
839, 816, 817
840, 817,  28
841,  27, 818
842, 818, 819
843, 819, 820
844, 820, 821
845, 821, 822
846, 822, 823
847, 823, 824
848, 824, 825
849, 825, 826
850, 826, 827
851, 827, 828
852, 828, 829
853, 829, 830
854, 830, 831
855, 831,  25
856,  33, 832
857, 832, 833
858, 833, 834
859, 834, 835
860, 835, 836
861, 836, 837
862, 837, 838
863, 838, 839
864, 839, 840
865, 840, 841
866, 841, 842
867, 842, 843
868, 843, 844
869, 844, 845
870, 845,  30
*Nset, nset=PILAR
  17,  18,  21,  22, 398, 399, 400, 401, 402, 403, 404, 405, 406, 407, 408, 409
 410, 411, 482, 483, 484, 485, 486, 487, 488, 489, 490, 491, 492, 493, 494, 495
*Elset, elset=PILAR
 391, 392, 393, 394, 395, 396, 397, 398, 399, 400, 401, 402, 403, 404, 405, 481
 482, 483, 484, 485, 486, 487, 488, 489, 490, 491, 492, 493, 494, 495
*Nset, nset=_PickedSet98, internal
  17,  18,  21,  22, 398, 399, 400, 401, 402, 403, 404, 405, 406, 407, 408, 409
 410, 411, 482, 483, 484, 485, 486, 487, 488, 489, 490, 491, 492, 493, 494, 495
*Elset, elset=_PickedSet98, internal
 391, 392, 393, 394, 395, 396, 397, 398, 399, 400, 401, 402, 403, 404, 405, 481
 482, 483, 484, 485, 486, 487, 488, 489, 490, 491, 492, 493, 494, 495
*Nset, nset=BARRA_GRUESA
   1,   2,   3,   4,   5,   6,   7,   8,   9,  10,  11,  12,  13,  14,  15,  16
  17,  20,  21,  23,  24,  25,  26,  27,  28,  29,  30,  31,  32,  34,  35,  36
  37,  38,  39,  40,  41,  42,  43,  44,  45,  46,  47,  48,  49,  50,  51,  52
  53,  54,  55,  56,  57,  58,  59,  60,  61,  76,  77,  78,  79,  80,  81,  82
  83,  84,  85,  86,  87,  88,  89,  90,  91,  92,  93,  94,  95,  96,  97,  98
  99, 100, 101, 102, 103, 104, 105, 106, 107, 108, 109, 110, 111, 112, 113, 114
 115, 116, 117, 132, 133, 134, 135, 136, 137, 138, 139, 140, 141, 142, 143, 144
 145, 146, 147, 148, 149, 150, 151, 152, 153, 154, 155, 156, 157, 158, 159, 202
 203, 204, 205, 206, 207, 208, 209, 210, 211, 212, 213, 214, 215, 216, 217, 218
 219, 220, 221, 222, 223, 224, 225, 226, 227, 228, 229, 230, 231, 232, 233, 234
 235, 236, 237, 238, 239, 240, 241, 242, 243, 286, 287, 288, 289, 290, 291, 292
 293, 294, 295, 296, 297, 298, 299, 300, 301, 302, 303, 304, 305, 306, 307, 308
 309, 310, 311, 312, 313, 314, 315, 316, 317, 318, 319, 320, 321, 322, 323, 324
 325, 326, 327, 328, 329, 330, 331, 332, 333, 334, 335, 336, 337, 338, 339, 340
 341, 342, 343, 344, 345, 346, 347, 348, 349, 350, 351, 352, 353, 354, 355, 356
 357, 358, 359, 360, 361, 362, 363, 364, 365, 366, 367, 368, 369, 384, 385, 386
 387, 388, 389, 390, 391, 392, 393, 394, 395, 396, 397, 426, 427, 428, 429, 430
 431, 432, 433, 434, 435, 436, 437, 438, 439, 468, 469, 470, 471, 472, 473, 474
 475, 476, 477, 478, 479, 480, 481, 496, 497, 498, 499, 500, 501, 502, 503, 504
 505, 506, 507, 508, 509, 510, 511, 512, 513, 514, 515, 516, 517, 518, 519, 520
 521, 522, 523, 538, 539, 540, 541, 542, 543, 544, 545, 546, 547, 548, 549, 550
 551, 552, 553, 554, 555, 556, 557, 558, 559, 560, 561, 562, 563, 564, 565, 594
 595, 596, 597, 598, 599, 600, 601, 602, 603, 604, 605, 606, 607, 608, 609, 610
 611, 612, 613, 614, 615, 616, 617, 618, 619, 620, 621, 664, 665, 666, 667, 668
 669, 670, 671, 672, 673, 674, 675, 676, 677, 678, 679, 680, 681, 682, 683, 684
 685, 686, 687, 688, 689, 690, 691, 692, 693, 694, 695, 696, 697, 698, 699, 700
 701, 702, 703, 704, 705, 706, 707, 708, 709, 710, 711, 712, 713, 714, 715, 716
 717, 718, 719, 734, 735, 736, 737, 738, 739, 740, 741, 742, 743, 744, 745, 746
 747, 748, 749, 750, 751, 752, 753, 754, 755, 756, 757, 758, 759, 760, 761, 776
 777, 778, 779, 780, 781, 782, 783, 784, 785, 786, 787, 788, 789, 790, 791, 792
 793, 794, 795, 796, 797, 798, 799, 800, 801, 802, 803, 804, 805, 806, 807, 808
 809, 810, 811, 812, 813, 814, 815, 816, 817
*Elset, elset=BARRA_GRUESA
   1,   2,   3,   4,   5,   6,   7,   8,   9,  10,  11,  12,  13,  14,  15,  16
  17,  18,  19,  20,  21,  22,  23,  24,  25,  26,  27,  28,  29,  30,  46,  47
  48,  49,  50,  51,  52,  53,  54,  55,  56,  57,  58,  59,  60,  61,  62,  63
  64,  65,  66,  67,  68,  69,  70,  71,  72,  73,  74,  75,  76,  77,  78,  79
  80,  81,  82,  83,  84,  85,  86,  87,  88,  89,  90, 106, 107, 108, 109, 110
 111, 112, 113, 114, 115, 116, 117, 118, 119, 120, 121, 122, 123, 124, 125, 126
 127, 128, 129, 130, 131, 132, 133, 134, 135, 181, 182, 183, 184, 185, 186, 187
 188, 189, 190, 191, 192, 193, 194, 195, 196, 197, 198, 199, 200, 201, 202, 203
 204, 205, 206, 207, 208, 209, 210, 211, 212, 213, 214, 215, 216, 217, 218, 219
 220, 221, 222, 223, 224, 225, 271, 272, 273, 274, 275, 276, 277, 278, 279, 280
 281, 282, 283, 284, 285, 286, 287, 288, 289, 290, 291, 292, 293, 294, 295, 296
 297, 298, 299, 300, 301, 302, 303, 304, 305, 306, 307, 308, 309, 310, 311, 312
 313, 314, 315, 316, 317, 318, 319, 320, 321, 322, 323, 324, 325, 326, 327, 328
 329, 330, 331, 332, 333, 334, 335, 336, 337, 338, 339, 340, 341, 342, 343, 344
 345, 346, 347, 348, 349, 350, 351, 352, 353, 354, 355, 356, 357, 358, 359, 360
 376, 377, 378, 379, 380, 381, 382, 383, 384, 385, 386, 387, 388, 389, 390, 421
 422, 423, 424, 425, 426, 427, 428, 429, 430, 431, 432, 433, 434, 435, 466, 467
 468, 469, 470, 471, 472, 473, 474, 475, 476, 477, 478, 479, 480, 496, 497, 498
 499, 500, 501, 502, 503, 504, 505, 506, 507, 508, 509, 510, 511, 512, 513, 514
 515, 516, 517, 518, 519, 520, 521, 522, 523, 524, 525, 541, 542, 543, 544, 545
 546, 547, 548, 549, 550, 551, 552, 553, 554, 555, 556, 557, 558, 559, 560, 561
 562, 563, 564, 565, 566, 567, 568, 569, 570, 601, 602, 603, 604, 605, 606, 607
 608, 609, 610, 611, 612, 613, 614, 615, 616, 617, 618, 619, 620, 621, 622, 623
 624, 625, 626, 627, 628, 629, 630, 676, 677, 678, 679, 680, 681, 682, 683, 684
 685, 686, 687, 688, 689, 690, 691, 692, 693, 694, 695, 696, 697, 698, 699, 700
 701, 702, 703, 704, 705, 706, 707, 708, 709, 710, 711, 712, 713, 714, 715, 716
 717, 718, 719, 720, 721, 722, 723, 724, 725, 726, 727, 728, 729, 730, 731, 732
 733, 734, 735, 751, 752, 753, 754, 755, 756, 757, 758, 759, 760, 761, 762, 763
 764, 765, 766, 767, 768, 769, 770, 771, 772, 773, 774, 775, 776, 777, 778, 779
 780, 796, 797, 798, 799, 800, 801, 802, 803, 804, 805, 806, 807, 808, 809, 810
 811, 812, 813, 814, 815, 816, 817, 818, 819, 820, 821, 822, 823, 824, 825, 826
 827, 828, 829, 830, 831, 832, 833, 834, 835, 836, 837, 838, 839, 840
*Nset, nset=Set-48
   4,   7,   9,  10,  12,  13,  20,  24,  25,  27, 160, 161, 162, 163, 164, 165
 166, 167, 168, 169, 170, 171, 172, 173, 174, 175, 176, 177, 178, 179, 180, 181
 182, 183, 184, 185, 186, 187, 244, 245, 246, 247, 248, 249, 250, 251, 252, 253
 254, 255, 256, 257, 258, 259, 260, 261, 262, 263, 264, 265, 266, 267, 268, 269
 270, 271, 454, 455, 456, 457, 458, 459, 460, 461, 462, 463, 464, 465, 466, 467
 566, 567, 568, 569, 570, 571, 572, 573, 574, 575, 576, 577, 578, 579, 580, 581
 582, 583, 584, 585, 586, 587, 588, 589, 590, 591, 592, 593, 636, 637, 638, 639
 640, 641, 642, 643, 644, 645, 646, 647, 648, 649, 650, 651, 652, 653, 654, 655
 656, 657, 658, 659, 660, 661, 662, 663
*Elset, elset=Set-48
 136, 137, 138, 139, 140, 141, 142, 143, 144, 145, 146, 147, 148, 149, 150, 151
 152, 153, 154, 155, 156, 157, 158, 159, 160, 161, 162, 163, 164, 165, 226, 227
 228, 229, 230, 231, 232, 233, 234, 235, 236, 237, 238, 239, 240, 241, 242, 243
 244, 245, 246, 247, 248, 249, 250, 251, 252, 253, 254, 255, 451, 452, 453, 454
 455, 456, 457, 458, 459, 460, 461, 462, 463, 464, 465, 571, 572, 573, 574, 575
 576, 577, 578, 579, 580, 581, 582, 583, 584, 585, 586, 587, 588, 589, 590, 591
 592, 593, 594, 595, 596, 597, 598, 599, 600, 646, 647, 648, 649, 650, 651, 652
 653, 654, 655, 656, 657, 658, 659, 660, 661, 662, 663, 664, 665, 666, 667, 668
 669, 670, 671, 672, 673, 674, 675
*Nset, nset=VIGA_PRINCIPAL
   1,   3,   4,   7,   9,  12,  13,  19,  24,  25,  27,  29,  30,  33,  62,  63
  64,  65,  66,  67,  68,  69,  70,  71,  72,  73,  74,  75, 118, 119, 120, 121
 122, 123, 124, 125, 126, 127, 128, 129, 130, 131, 188, 189, 190, 191, 192, 193
 194, 195, 196, 197, 198, 199, 200, 201, 272, 273, 274, 275, 276, 277, 278, 279
 280, 281, 282, 283, 284, 285, 370, 371, 372, 373, 374, 375, 376, 377, 378, 379
 380, 381, 382, 383, 412, 413, 414, 415, 416, 417, 418, 419, 420, 421, 422, 423
 424, 425, 440, 441, 442, 443, 444, 445, 446, 447, 448, 449, 450, 451, 452, 453
 524, 525, 526, 527, 528, 529, 530, 531, 532, 533, 534, 535, 536, 537, 622, 623
 624, 625, 626, 627, 628, 629, 630, 631, 632, 633, 634, 635, 720, 721, 722, 723
 724, 725, 726, 727, 728, 729, 730, 731, 732, 733, 762, 763, 764, 765, 766, 767
 768, 769, 770, 771, 772, 773, 774, 775, 818, 819, 820, 821, 822, 823, 824, 825
 826, 827, 828, 829, 830, 831, 832, 833, 834, 835, 836, 837, 838, 839, 840, 841
 842, 843, 844, 845
*Elset, elset=VIGA_PRINCIPAL
  31,  32,  33,  34,  35,  36,  37,  38,  39,  40,  41,  42,  43,  44,  45,  91
  92,  93,  94,  95,  96,  97,  98,  99, 100, 101, 102, 103, 104, 105, 166, 167
 168, 169, 170, 171, 172, 173, 174, 175, 176, 177, 178, 179, 180, 256, 257, 258
 259, 260, 261, 262, 263, 264, 265, 266, 267, 268, 269, 270, 361, 362, 363, 364
 365, 366, 367, 368, 369, 370, 371, 372, 373, 374, 375, 406, 407, 408, 409, 410
 411, 412, 413, 414, 415, 416, 417, 418, 419, 420, 436, 437, 438, 439, 440, 441
 442, 443, 444, 445, 446, 447, 448, 449, 450, 526, 527, 528, 529, 530, 531, 532
 533, 534, 535, 536, 537, 538, 539, 540, 631, 632, 633, 634, 635, 636, 637, 638
 639, 640, 641, 642, 643, 644, 645, 736, 737, 738, 739, 740, 741, 742, 743, 744
 745, 746, 747, 748, 749, 750, 781, 782, 783, 784, 785, 786, 787, 788, 789, 790
 791, 792, 793, 794, 795, 841, 842, 843, 844, 845, 846, 847, 848, 849, 850, 851
 852, 853, 854, 855, 856, 857, 858, 859, 860, 861, 862, 863, 864, 865, 866, 867
 868, 869, 870
** Section: BARRA_GRUESA_PIPE  Profile: Barra_Gruesa_pipe
*Beam Section, elset=BARRA_GRUESA, material="ACERO0 TIPO 1", temperature=GRADIENTS, section=PIPE
0.18, 0.004
0.,0.,-1.
** Section: VIGA_PRINCIPAL  Profile: Viga_Ligera
*Beam Section, elset=VIGA_PRINCIPAL, material="ACERO0 TIPO 2", temperature=GRADIENTS, section=I
0.35, 0.4, 0., 0.2, 0., 0.05, 0.05
0.,0.,-1.
** Section: BARRA_PIPE2  Profile: pipeultima
*Beam Section, elset=Set-48, material="ACERO0 TIPO 2", temperature=GRADIENTS, section=PIPE
0.1, 0.003
0.,0.,-1.
** Section: pilar  Profile: pilar
*Beam Section, elset=_PickedSet98, material=HORMIGON, temperature=GRADIENTS, section=RECT
0.2, 0.8
0.,0.,-1.
*End Part
**  
**
** ASSEMBLY
**
*Assembly, name=Assembly
**  
*Instance, name=VIGA-1, part=VIGA
*End Instance
**  
*Nset, nset=PESOVIGA, instance=VIGA-1
   2,   3,   4,   5,   6,   8,  11,  12,  13,  14,  15,  16,  62,  63,  64,  65
  66,  67,  68,  69,  70,  71,  72,  73,  74,  75,  90,  91,  92,  93,  94,  95
  96,  97,  98,  99, 100, 101, 102, 103, 216, 217, 218, 219, 220, 221, 222, 223
 224, 225, 226, 227, 228, 229, 272, 273, 274, 275, 276, 277, 278, 279, 280, 281
 282, 283, 284, 285, 328, 329, 330, 331, 332, 333, 334, 335, 336, 337, 338, 339
 340, 341, 342, 343, 344, 345, 346, 347, 348, 349, 350, 351, 352, 353, 354, 355
*Elset, elset=PESOVIGA, instance=VIGA-1
  31,  32,  33,  34,  35,  36,  37,  38,  39,  40,  41,  42,  43,  44,  45,  61
  62,  63,  64,  65,  66,  67,  68,  69,  70,  71,  72,  73,  74,  75, 196, 197
 198, 199, 200, 201, 202, 203, 204, 205, 206, 207, 208, 209, 210, 256, 257, 258
 259, 260, 261, 262, 263, 264, 265, 266, 267, 268, 269, 270, 316, 317, 318, 319
 320, 321, 322, 323, 324, 325, 326, 327, 328, 329, 330, 331, 332, 333, 334, 335
 336, 337, 338, 339, 340, 341, 342, 343, 344, 345
*Nset, nset=Set-1, instance=VIGA-1
  3,  4, 62, 63, 64, 65, 66, 67, 68, 69, 70, 71, 72, 73, 74, 75
*Elset, elset=Set-1, instance=VIGA-1, generate
 31,  45,   1
*Nset, nset=Set-2, instance=VIGA-1
 19, 33
*Nset, nset=Set-5, instance=VIGA-1
   2,   3,   4,   5,   6,   8,  11,  12,  13,  14,  15,  16,  62,  63,  64,  65
  66,  67,  68,  69,  70,  71,  72,  73,  74,  75,  90,  91,  92,  93,  94,  95
  96,  97,  98,  99, 100, 101, 102, 103, 216, 217, 218, 219, 220, 221, 222, 223
 224, 225, 226, 227, 228, 229, 272, 273, 274, 275, 276, 277, 278, 279, 280, 281
 282, 283, 284, 285, 328, 329, 330, 331, 332, 333, 334, 335, 336, 337, 338, 339
 340, 341, 342, 343, 344, 345, 346, 347, 348, 349, 350, 351, 352, 353, 354, 355
*Elset, elset=Set-5, instance=VIGA-1
  31,  32,  33,  34,  35,  36,  37,  38,  39,  40,  41,  42,  43,  44,  45,  61
  62,  63,  64,  65,  66,  67,  68,  69,  70,  71,  72,  73,  74,  75, 196, 197
 198, 199, 200, 201, 202, 203, 204, 205, 206, 207, 208, 209, 210, 256, 257, 258
 259, 260, 261, 262, 263, 264, 265, 266, 267, 268, 269, 270, 316, 317, 318, 319
 320, 321, 322, 323, 324, 325, 326, 327, 328, 329, 330, 331, 332, 333, 334, 335
 336, 337, 338, 339, 340, 341, 342, 343, 344, 345
*Nset, nset=_PickedSet11, internal, instance=VIGA-1
 11, 32
*Nset, nset=_PickedSet17, internal, instance=VIGA-1
 18, 22
*Nset, nset=_PickedSet19, internal, instance=VIGA-1
   1,   3,   4,   7,   9,  12,  13,  19,  24,  25,  27,  29,  30,  33,  62,  63
  64,  65,  66,  67,  68,  69,  70,  71,  72,  73,  74,  75, 118, 119, 120, 121
 122, 123, 124, 125, 126, 127, 128, 129, 130, 131, 188, 189, 190, 191, 192, 193
 194, 195, 196, 197, 198, 199, 200, 201, 272, 273, 274, 275, 276, 277, 278, 279
 280, 281, 282, 283, 284, 285, 370, 371, 372, 373, 374, 375, 376, 377, 378, 379
 380, 381, 382, 383, 412, 413, 414, 415, 416, 417, 418, 419, 420, 421, 422, 423
 424, 425, 440, 441, 442, 443, 444, 445, 446, 447, 448, 449, 450, 451, 452, 453
 524, 525, 526, 527, 528, 529, 530, 531, 532, 533, 534, 535, 536, 537, 622, 623
 624, 625, 626, 627, 628, 629, 630, 631, 632, 633, 634, 635, 720, 721, 722, 723
 724, 725, 726, 727, 728, 729, 730, 731, 732, 733, 762, 763, 764, 765, 766, 767
 768, 769, 770, 771, 772, 773, 774, 775, 818, 819, 820, 821, 822, 823, 824, 825
 826, 827, 828, 829, 830, 831, 832, 833, 834, 835, 836, 837, 838, 839, 840, 841
 842, 843, 844, 845
*Elset, elset=_PickedSet19, internal, instance=VIGA-1
  31,  32,  33,  34,  35,  36,  37,  38,  39,  40,  41,  42,  43,  44,  45,  91
  92,  93,  94,  95,  96,  97,  98,  99, 100, 101, 102, 103, 104, 105, 166, 167
 168, 169, 170, 171, 172, 173, 174, 175, 176, 177, 178, 179, 180, 256, 257, 258
 259, 260, 261, 262, 263, 264, 265, 266, 267, 268, 269, 270, 361, 362, 363, 364
 365, 366, 367, 368, 369, 370, 371, 372, 373, 374, 375, 406, 407, 408, 409, 410
 411, 412, 413, 414, 415, 416, 417, 418, 419, 420, 436, 437, 438, 439, 440, 441
 442, 443, 444, 445, 446, 447, 448, 449, 450, 526, 527, 528, 529, 530, 531, 532
 533, 534, 535, 536, 537, 538, 539, 540, 631, 632, 633, 634, 635, 636, 637, 638
 639, 640, 641, 642, 643, 644, 645, 736, 737, 738, 739, 740, 741, 742, 743, 744
 745, 746, 747, 748, 749, 750, 781, 782, 783, 784, 785, 786, 787, 788, 789, 790
 791, 792, 793, 794, 795, 841, 842, 843, 844, 845, 846, 847, 848, 849, 850, 851
 852, 853, 854, 855, 856, 857, 858, 859, 860, 861, 862, 863, 864, 865, 866, 867
 868, 869, 870
*End Assembly
** 
** MATERIALS
** 
*Material, name="ACERO0 TIPO 1"
*Density
7800.,
*Elastic
 2.1e+11, 0.3
*Material, name="ACERO0 TIPO 2"
*Density
8750.,
*Elastic
 2.3e+11, 0.3
*Material, name=HORMIGON
*Density
2300.,
*Elastic
 2.7e+10, 0.2
** ----------------------------------------------------------------
** 
** STEP: Step-1
** 
*Step, name=Step-1, nlgeom=NO
*Static
1., 1., 1e-05, 1.
** 
** BOUNDARY CONDITIONS
** 
** Name: APOYO Type: Displacement/Rotation
*Boundary
Set-2, 1, 1
Set-2, 2, 2
** Name: Apoyos_estribos Type: Displacement/Rotation
*Boundary
_PickedSet11, 1, 1
_PickedSet11, 2, 2
** Name: BC-3 Type: Symmetry/Antisymmetry/Encastre
*Boundary
_PickedSet17, ENCASTRE
** 
** LOADS
** 
** Name: CARGA   Type: Line load
*Dload
_PickedSet19, PY, -110000.
** 
** OUTPUT REQUESTS
** 
*Restart, write, frequency=0
** 
** FIELD OUTPUT: F-Output-1
** 
*Output, field, variable=PRESELECT
** 
** HISTORY OUTPUT: H-Output-1
** 
*Output, history
*Element Output
MASS, 
*Energy Output
ALLAE, ALLCD, ALLDMD, ALLEE, ALLFD, ALLIE, ALLJD, ALLKE, ALLKL, ALLPD, ALLQB, ALLSD, ALLSE, ALLVD, ALLWK, ETOTAL
*End Step
